name: mobsuite
channels:
  - conda-forge
  - bioconda
  - defaults
dependencies:
  - _libgcc_mutex=0.1=conda_forge
  - _openmp_mutex=4.5=1_gnu
  - biopython=1.78=py37h5e8e339_2
  - blast=2.9.0=h20b68b9_1
  - blosc=1.21.0=h9c3ff4c_0
  - boost=1.68.0=py37h8619c78_1001
  - boost-cpp=1.68.0=h11c811c_1000
  - bzip2=1.0.8=h7f98852_4
  - c-ares=1.17.1=h7f98852_1
  - ca-certificates=2020.12.5=ha878542_0
  - capnproto=0.6.1=hfc679d8_1
  - certifi=2020.12.5=py37h89c1867_1
  - dbus=1.13.6=h48d8840_2
  - ete3=3.1.2=pyh9f0ad1d_0
  - expat=2.3.0=h9c3ff4c_0
  - fontconfig=2.13.1=hba837de_1005
  - freetype=2.10.4=h0708190_1
  - gettext=0.19.8.1=h0b5b191_1005
  - glib=2.68.1=h9c3ff4c_0
  - glib-tools=2.68.1=h9c3ff4c_0
  - gmp=6.2.1=h58526e2_0
  - gnutls=3.6.13=h79a8f9a_0
  - gsl=2.6=he838d99_2
  - gst-plugins-base=1.14.0=hbbd80ab_1
  - gstreamer=1.14.0=h28cd5cc_2
  - hdf5=1.10.6=nompi_h6a2412b_1114
  - icu=58.2=hf484d3e_1000
  - jpeg=9d=h36c2ea0_0
  - krb5=1.17.2=h926e7f8_0
  - ld_impl_linux-64=2.35.1=hea4e1c9_2
  - libblas=3.9.0=8_openblas
  - libcblas=3.9.0=8_openblas
  - libcurl=7.76.0=hc4aaa36_0
  - libedit=3.1.20191231=he28a2e2_2
  - libev=4.33=h516909a_1
  - libffi=3.3=h58526e2_2
  - libgcc-ng=9.3.0=h2828fa1_19
  - libgfortran-ng=9.3.0=hff62375_19
  - libgfortran5=9.3.0=hff62375_19
  - libglib=2.68.1=h3e27bee_0
  - libgomp=9.3.0=h2828fa1_19
  - libiconv=1.16=h516909a_0
  - liblapack=3.9.0=8_openblas
  - libnghttp2=1.43.0=h812cca2_0
  - libopenblas=0.3.12=pthreads_h4812303_1
  - libpng=1.6.37=h21135ba_2
  - libssh2=1.9.0=ha56f1ee_6
  - libstdcxx-ng=9.3.0=h6de172a_19
  - libuuid=2.32.1=h7f98852_1000
  - libxcb=1.13=h7f98852_1003
  - libxml2=2.9.10=hb55368b_3
  - libxslt=1.1.34=hc22bd24_0
  - lxml=4.6.3=py37h77fd288_0
  - lzo=2.10=h516909a_1000
  - mash=2.3=he348c14_1
  - mob_suite=3.0.1=py_0
  - mock=4.0.3=py37h89c1867_1
  - ncurses=6.2=h58526e2_4
  - nettle=3.4.1=h1bed415_1002
  - numexpr=2.7.3=py37hdc94413_0
  - numpy=1.20.2=py37h038b26d_0
  - openssl=1.1.1k=h7f98852_0
  - pandas=1.0.1=py37hb3f55d8_0
  - parallel=20210222=ha770c72_0
  - pcre=8.44=he1b5a44_0
  - perl=5.26.2=h36c2ea0_1008
  - perl-archive-tar=2.32=pl526_0
  - perl-carp=1.38=pl526_3
  - perl-common-sense=3.74=pl526_2
  - perl-compress-raw-bzip2=2.087=pl526he1b5a44_0
  - perl-compress-raw-zlib=2.087=pl526hc9558a2_0
  - perl-exporter=5.72=pl526_1
  - perl-exporter-tiny=1.002001=pl526_0
  - perl-extutils-makemaker=7.36=pl526_1
  - perl-io-compress=2.087=pl526he1b5a44_0
  - perl-io-zlib=1.10=pl526_2
  - perl-json=4.02=pl526_0
  - perl-json-xs=2.34=pl526h6bb024c_3
  - perl-list-moreutils=0.428=pl526_1
  - perl-list-moreutils-xs=0.428=pl526_0
  - perl-pathtools=3.75=pl526h14c3975_1
  - perl-scalar-list-utils=1.52=pl526h516909a_0
  - perl-types-serialiser=1.0=pl526_2
  - perl-xsloader=0.24=pl526_0
  - pip=21.0.1=pyhd8ed1ab_0
  - pthread-stubs=0.4=h36c2ea0_1001
  - pycurl=7.43.0.6=py37h88a64d2_1
  - pyqt=5.9.2=py37hcca6a23_4
  - pytables=3.6.1=py37h0c4f3e0_3
  - python=3.7.10=hffdb5ce_100_cpython
  - python-dateutil=2.8.1=py_0
  - python_abi=3.7=1_cp37m
  - pytz=2021.1=pyhd8ed1ab_0
  - qt=5.9.7=h5867ecd_1
  - readline=8.0=he28a2e2_2
  - scipy=1.6.2=py37h29e03ee_0
  - setuptools=49.6.0=py37h89c1867_3
  - sip=4.19.8=py37hf484d3e_0
  - six=1.15.0=pyh9f0ad1d_0
  - sqlite=3.35.4=h74cdb3f_0
  - tk=8.6.10=h21135ba_1
  - wheel=0.36.2=pyhd3deb0d_0
  - xorg-kbproto=1.0.7=h7f98852_1002
  - xorg-libice=1.0.10=h7f98852_0
  - xorg-libsm=1.2.3=hd9c2040_1000
  - xorg-libx11=1.7.0=h7f98852_0
  - xorg-libxau=1.0.9=h7f98852_0
  - xorg-libxdmcp=1.1.3=h7f98852_0
  - xorg-libxext=1.3.4=h7f98852_1
  - xorg-libxrender=0.9.10=h7f98852_1003
  - xorg-renderproto=0.11.1=h7f98852_1002
  - xorg-xextproto=7.3.0=h7f98852_1002
  - xorg-xproto=7.0.31=h7f98852_1007
  - xz=5.2.5=h516909a_1
  - zlib=1.2.11=h516909a_1010

